867991355
5374691308
5278189269
5310012252
5556580364
6405497697
6360852490
4630801027
591667919
7276901391
8893165499
4235265006
562960112
3199340838
6293820343
7894333786
8643832462
6897617125
6547830301
4243142625
3271962089
4151386095
4539257151
2393641383
885758749
328914001
511032044
4043101202
7721188665
5652526805
9405403644
4916445111
7523248566
624278857
1379751852
6380306309
5394167741
212952126
4330398210
3032951274
1312375841
7827314991
1619281397
4305887179
2892928013
774589268
4380156273
6911162643
5524595588
860372887
461543218
1684561584
3063471506
4247820924
1976241867
80786413
1181970728
2126489394
7684781673
5428915001
5576364974
9614623378
1620842117
979718557
5102500936
5792508913
9223761678
2707867860
1179449724
8037005290
302521358
425085543
9329513956
3484513199
3426123752
2457277035
3076331851
8939267167
205646200
4198888469
8446211919
5004739160
8828813643
6429444591
7589161858
6049289930
3094628037
5952497682
8057205231
3837540942
3850260655
1065782357
7119514142
3308992885
1122923155
2211775753
2054593066
294025617
4792469045
1177837007
